graph 1 ---------------------

4 4
1 2
1 3
3 4
2 4


graph2---------------------

6 6
1 2
1 3
2 4
3 5
4 6
5 6

graph3------------------------
5 7
1 2
1 5
5 4
5 2
2 3
4 3
2 4


graph4------------------------------
8 13
8 7
7 6
6 8
5 6
1 5
4 5
4 1
2 4
3 4
2 3
3 2
8 5
1 8

graph5---------------------

6 7
1 2
1 6
1 3
2 4
3 5
4 6
5 6


Graph with weight--------------------------------
6 8

1 2 1
1 3 10
2 4 3
2 5 4
3 5 27
5 4 25
4 6 6
5 6 12

Directed Graph------------------------------------------
5 10

1 2 6
1 3 7
2 3 8
2 4 5
4 2 -2
3 4 -3
2 5 -4
5 4 7
3 5 9
5 1 2

====================Directed Acyclic Graph====================
6 10


1 2 5
1 3 3
2 3 2
2 4 6
3 4 7
3 5 4
3 6 2
4 5 -1
4 6 1
5 6 -2